Impossible	10 50 91	05 25 86	03 15 84	02 10 83	01 05 82	01 05 82	00 00 81	00 00 81	00 -20 77
NoWay   	15 75 96	10 50 91	07 35 88	05 25 86	03 15 84	02 10 83	01 05 82	01 05 82	00 00 81
VeryUnlikely	16 85 97	13 65 94	10 50 91	09 45 90	05 25 86	03 15 84	02 10 83	01 05 82	01 05 82
Unlikely	18 90 99	15 75 96	11 55 92	10 50 91	07 35 88	04 20 85	03 15 84	02 10 83	01 05 82
EvenOdds	19 95 100	16 85 97	15 75 96	13 65 94	10 50 91	07 35 88	05 25 86	03 15 84	02 10 83
SomewhatLikely	19 95 100	18 90 99	16 85 97	16 80 97	13 65 94	10 50 91	09 45 90	05 25 86	04 20 85
Likely  	20 100 0	19 95 100	18 90 99	16 85 97	15 75 96	11 55 92	10 50 91	07 35 88	05 25 86
VeryLikely	21 105 0	19 95 100	19 95 100	18 90 99	16 85 97	15 75 96	13 65 94	10 50 91	09 45 90
NearSureThing	23 115 0	20 100 0	19 95 100	19 95 100	18 90 99	16 80 97	15 75 96	11 55 92	10 50 91
SureThing	25 125 0	22 110 0	19 95 100	19 95 100	18 90 99	16 85 97	16 80 97	13 65 94	11 55 92
HasToBe 	26 145 0	26 130 0	20 100 0	20 100 0	19 95 100	19 95 100	18 90 99	16 85 97	16 80 97